function [constGps] = getGpsConstants()
    constGps.c = 2.99792458e8;
    constGps.mu = 3.986005e14;
    constGps.Omega_ie = 7.2921151467e-5;
    constGps.F = - 4.442807633e-10;
    constGps.pi = 3.1415926535898;
end

